1 0.0136642 -0.0355226
1 0.0141427 0
1 0.0142136 0.00505682
1 0.0142941 0.0107405
1 0.0143725 0.0162191
1 0.0144691 0.0228841
1 0.0145674 0.029572
1 0.014687 0.0375941
1 0.0148139 0.045959
1 0.0149683 0.0559478
1 0.0151313 0.0662724
1 0.0153193 0.0779038
1 0.0155214 0.0900975
1 0.015749 0.103458
1 0.0159937 0.117394
1 0.0162434 0.131183
1 0.0165229 0.14612
1 0.0168303 0.161978
1 0.0171645 0.178573
1 0.0175095 0.19504
1 0.0179048 0.21313
1 0.0183351 0.231934
1 0.0187805 0.25049
1 0.0192435 0.268867
1 0.0197387 0.28757
1 0.0203188 0.30832
1 0.0209115 0.328331
0.9999 0.0215956 0.350127
0.9995 0.0222961 0.371248
0.9979 0.0230418 0.393032
0.9941 0.0238304 0.415824
0.99 0.0246275 0.437523
0.9835 0.0254216 0.459112
0.9728 0.0262181 0.481673
0.962 0.0270162 0.502978
0.9469 0.0277791 0.524588
0.9302 0.0285447 0.545857
0.913 0.0293563 0.566939
0.8918 0.0300794 0.587472
0.8676 0.0307534 0.607735
0.8413 0.0314314 0.628092
0.8134 0.0319806 0.6468
0.7813 0.0324195 0.665484
0.7487 0.0329724 0.684997
0.7156 0.0334264 0.703152
0.6805 0.0337212 0.720265
0.639 0.0336944 0.737108
0.6026 0.0338459 0.753233
0.5612 0.0336024 0.768462
0.5184 0.0331763 0.783278
0.4774 0.0326758 0.797257
0.4346 0.0319829 0.811299
0.3921 0.0310225 0.824308
0.3493 0.0298649 0.837225
0.3118 0.0287731 0.849017
0.2744 0.0273855 0.860195
0.2419 0.0262475 0.87126
0.2089 0.0245415 0.880886
0.1763 0.0224389 0.889817
0.1461 0.0203165 0.898934
0.1195 0.0181959 0.907501
0.0932 0.0155684 0.915457
0.0739 0.0135708 0.922941
0.0561 0.0113627 0.929978
0.0417 0.00926893 0.936059
0.0288 0.00709342 0.942169
0.0179 0.00485134 0.947326
0.0123 0.00367318 0.952139
0.0079 0.00263386 0.957085
0.0052 0.00191705 0.961162
0.004 0.00163452 0.964951
0.0022 0.00099534 0.968323
0.0009 0.000450879 0.971378
0.0002 0.000111062 0.974169
0 0 0.977235
0 0 0.979496
0 0 0.981742
0 0 0.983774
0 0 0.985577
0 0 0.987293
0 0 0.988676
0 0 0.989878
0 0 0.991189
0 0 0.992199
0 0 0.993204
0 0 0.994088
0 0 0.994737
0 0 0.995389
0 0 0.996082
0 0 0.996745
0 0 0.997246
0 0 0.997778
0 0 0.998248
0 0 0.998542
0 0 0.998827
0 0 0.999065
0 0 0.999316
0 0 0.999486
0 0 0.999663
0 0 0.999773
0 0 0.999915
1 0.0136642 -0.0355226
1 0.0141427 0
1 0.0142136 0.00505682
1 0.0142941 0.0107405
1 0.0143725 0.0162191
1 0.0144691 0.0228841
1 0.0145674 0.029572
1 0.014687 0.0375941
1 0.0148139 0.045959
1 0.0149683 0.0559478
1 0.0151313 0.0662724
1 0.0153193 0.0779038
1 0.0155214 0.0900975
1 0.015749 0.103458
1 0.0159937 0.117394
1 0.0162434 0.131183
1 0.0165229 0.14612
1 0.0168303 0.161978
1 0.0171645 0.178573
1 0.0175095 0.19504
1 0.0179048 0.21313
1 0.0183351 0.231934
1 0.0187805 0.25049
0.9999 0.0192416 0.268867
0.9998 0.0197348 0.28757
0.9996 0.0203108 0.30832
0.9986 0.0208828 0.328331
0.9981 0.0215576 0.350127
0.9961 0.022222 0.371248
0.9926 0.0229222 0.393032
0.9878 0.0236829 0.415824
0.9813 0.0244163 0.437523
0.9719 0.0251293 0.459112
0.961 0.0259083 0.481673
0.9487 0.0266526 0.502978
0.9333 0.027391 0.524588
0.915 0.0280914 0.545857
0.8961 0.0288285 0.566939
0.8733 0.0294738 0.587472
0.8505 0.0301656 0.607735
0.8258 0.0308702 0.628092
0.7977 0.0313827 0.6468
0.7647 0.0317526 0.665484
0.7307 0.0322052 0.684997
0.6967 0.0325724 0.703152
0.6577 0.0326282 0.720265
0.6222 0.0328376 0.737108
0.5853 0.0329062 0.753233
0.5488 0.0328843 0.768462
0.5067 0.0324519 0.783278
0.4681 0.0320597 0.797257
0.4293 0.0316052 0.811299
0.391 0.0309382 0.824308
0.3555 0.0303789 0.837225
0.3186 0.0293822 0.849017
0.2849 0.0284037 0.860195
0.2516 0.0272713 0.87126
0.2268 0.0265885 0.880886
0.1979 0.025119 0.889817
0.1737 0.0240622 0.898934
0.1517 0.0229862 0.907501
0.1307 0.0216965 0.915457
0.1091 0.0199062 0.922941
0.0907 0.0182429 0.929978
0.0761 0.0167869 0.936059
0.0632 0.0154353 0.942169
0.0501 0.0134609 0.947326
0.04 0.0118473 0.952139
0.0311 0.0102892 0.957085
0.0244 0.00893217 0.961162
0.0189 0.00767637 0.964951
0.014 0.00630035 0.968323
0.0109 0.00543343 0.971378
0.0082 0.00453339 0.974169
0.0061 0.00382925 0.977235
0.0039 0.00272118 0.979496
0.0031 0.00242985 0.981742
0.0022 0.00194123 0.983774
0.0014 0.00139054 0.985577
0.0011 0.00124028 0.987293
0.0005 0.000632992 0.988676
0.0004 0.000566572 0.989878
0.0002 0.000325521 0.991189
0.0001 0.000183857 0.992199
0 0 0.993204
0 0 0.994088
0 0 0.994737
0 0 0.995389
0 0 0.996082
0 0 0.996745
0 0 0.997246
0 0 0.997778
0 0 0.998248
0 0 0.998542
0 0 0.998827
0 0 0.999065
0 0 0.999316
0 0 0.999486
0 0 0.999663
0 0 0.999773
0 0 0.999915
1.0007 0.0136035 -0.0355226
1 0.0140702 0
0.999899 0.0141393 0.00505682
0.999698 0.0142166 0.0107405
0.999497 0.0142918 0.0162191
0.999296 0.014385 0.0228841
0.999095 0.0144798 0.029572
0.998392 0.0145886 0.0375941
0.99809 0.0147103 0.045959
0.997688 0.0148577 0.0559478
0.996984 0.0150091 0.0662724
0.995275 0.0151699 0.0779038
0.99417 0.0153533 0.0900975
0.992762 0.0155568 0.103458
0.990551 0.0157639 0.117394
0.988641 0.0159797 0.131183
0.98663 0.0162222 0.14612
0.984218 0.0164843 0.161978
0.981303 0.0167628 0.178573
0.97698 0.0170258 0.19504
0.973462 0.0173488 0.21313
0.968134 0.0176705 0.231934
0.960495 0.0179598 0.25049
0.954966 0.0182989 0.268867
0.947527 0.0186268 0.28757
0.938078 0.0189873 0.30832
0.927322 0.0193222 0.328331
0.91546 0.019707 0.350127
0.905509 0.0201387 0.371248
0.893144 0.0205677 0.393032
0.879674 0.0210377 0.415824
0.867109 0.0215265 0.437523
0.852232 0.0219911 0.459112
0.838158 0.0225564 0.481673
0.821673 0.0230489 0.502978
0.802573 0.023525 0.524588
0.785183 0.0240795 0.545857
0.764073 0.0245607 0.566939
0.742662 0.0250481 0.587472
0.720949 0.0255585 0.607735
0.697226 0.0260571 0.628092
0.671391 0.026411 0.6468
0.648372 0.026916 0.665484
0.624246 0.0275032 0.684997
0.602332 0.0281423 0.703152
0.57881 0.0286817 0.720265
0.555589 0.029277 0.737108
0.530559 0.0297698 0.753233
0.506534 0.0302754 0.768462
0.482207 0.0307758 0.783278
0.456474 0.0311307 0.797257
0.433655 0.0317549 0.811299
0.411037 0.0323088 0.824308
0.389425 0.0330149 0.837225
0.369119 0.0337131 0.849017
0.34801 0.0343054 0.860195
0.328006 0.0350841 0.87126
0.30961 0.0357674 0.880886
0.290611 0.0362749 0.889817
0.271311 0.0368968 0.898934
0.253116 0.0375838 0.907501
0.237837 0.0385977 0.915457
0.222256 0.0395337 0.922941
0.206373 0.0403625 0.929978
0.190088 0.0406991 0.936059
0.175814 0.0415815 0.942169
0.160937 0.0417808 0.947326
0.149578 0.042696 0.952139
0.138018 0.0438826 0.957085
0.128267 0.0450104 0.961162
0.117109 0.0455131 0.964951
0.106554 0.0458061 0.968323
0.097306 0.0462715 0.971378
0.0891637 0.0469486 0.974169
0.0815239 0.0486211 0.977235
0.0729795 0.0483388 0.979496
0.064234 0.0478079 0.981742
0.0575995 0.0482161 0.983774
0.0510655 0.048097 0.985577
0.0445316 0.0476293 0.987293
0.0401086 0.0481129 0.988676
0.035183 0.047259 0.989878
0.0314636 0.0484895 0.991189
0.0281464 0.0489682 0.992199
0.024427 0.0487952 0.993204
0.0213108 0.0489268 0.994088
0.017692 0.0457737 0.994737
0.01538 0.045441 0.995389
0.0139727 0.0484321 0.996082
0.0122638 0.0510247 0.996745
0.0100523 0.049505 0.997246
0.00824286 0.0502759 0.997778
0.00703659 0.0542215 0.998248
0.00623241 0.0575139 0.998542
0.00512666 0.0586881 0.998827
0.00361882 0.0523256 0.999065
0.00341777 0.0665362 0.999316
0.00231202 0.0603675 0.999486
0.00150784 0.06 0.999663
0.00100523 0.0595238 0.999773
0.000703659 0.106061 0.999915
