1 0.500155 -0.0355226
1 0.50888 0
1 0.510147 0.00505682
1 0.511579 0.0107405
1 0.512966 0.0162191
1 0.514665 0.0228841
1 0.51638 0.029572
1 0.518453 0.0375941
1 0.520632 0.045959
1 0.523258 0.0559478
1 0.526 0.0662724
1 0.529125 0.0779038
1 0.53244 0.0900975
1 0.536121 0.103458
1 0.540015 0.117394
1 0.543924 0.131183
1 0.548222 0.14612
1 0.552861 0.161978
1 0.5578 0.178573
1 0.562789 0.19504
1 0.568373 0.21313
1 0.574297 0.231934
1 0.580265 0.25049
1 0.586299 0.268867
1 0.59257 0.28757
0.999993 0.599684 0.30832
0.999964 0.606704 0.328331
0.999765 0.6145 0.350127
0.999175 0.622158 0.371248
0.997711 0.630069 0.393032
0.994754 0.63826 0.415824
0.990046 0.645868 0.437523
0.983087 0.653172 0.459112
0.973847 0.660646 0.481673
0.962235 0.667334 0.502978
0.948394 0.673952 0.524588
0.932161 0.680184 0.545857
0.913882 0.686186 0.566939
0.89316 0.691681 0.587472
0.87011 0.696822 0.607735
0.84422 0.701676 0.628092
0.816537 0.705486 0.6468
0.786578 0.709 0.665484
0.754701 0.712849 0.684997
0.720337 0.715455 0.703152
0.683652 0.716899 0.720265
0.64518 0.717747 0.737108
0.604829 0.717486 0.753233
0.562942 0.715848 0.768462
0.520566 0.713374 0.783278
0.477281 0.709239 0.797257
0.434383 0.704598 0.811299
0.39259 0.698373 0.824308
0.352187 0.691538 0.837225
0.313175 0.682464 0.849017
0.275842 0.671528 0.860195
0.240597 0.659452 0.87126
0.207467 0.64346 0.880886
0.176435 0.623948 0.889817
0.147681 0.602239 0.898934
0.121507 0.57647 0.907501
0.0979043 0.545438 0.915457
0.0770525 0.50886 0.922941
0.0588021 0.465278 0.929978
0.0434883 0.413395 0.936059
0.031086 0.357726 0.942169
0.0214208 0.296455 0.947326
0.0140415 0.233123 0.952139
0.00869322 0.173482 0.957085
0.00510462 0.119863 0.961162
0.0028119 0.0767487 0.964951
0.00146341 0.0456824 0.968323
0.000700553 0.0247336 0.971378
0.000337816 0.0133699 0.974169
0.000142603 0.00644879 0.977235
5.12262e-05 0.002582 0.979496
2.21519e-05 0.00125559 0.981742
8.30695e-06 0.000530176 0.983774
4.15347e-06 0.0002983 0.985577
0 0 0.987293
0 0 0.988676
0 0 0.989878
0 0 0.991189
0 0 0.992199
0 0 0.993204
0 0 0.994088
0 0 0.994737
0 0 0.995389
0 0 0.996082
0 0 0.996745
0 0 0.997246
0 0 0.997778
0 0 0.998248
0 0 0.998542
0 0 0.998827
0 0 0.999065
0 0 0.999316
0 0 0.999486
0 0 0.999663
0 0 0.999773
0 0 0.999915
1 0.0909595 -0.0355226
1 0.0938872 0
1 0.0943194 0.00505682
1 0.0948099 0.0107405
1 0.0952876 0.0162191
1 0.0958752 0.0228841
1 0.0964722 0.029572
1 0.0971982 0.0375941
1 0.097967 0.045959
1 0.098901 0.0559478
1 0.0998854 0.0662724
1 0.101018 0.0779038
1 0.102233 0.0900975
1 0.103599 0.103458
1 0.105063 0.117394
1 0.106553 0.131183
1 0.108215 0.14612
1 0.110037 0.161978
1 0.112011 0.178573
1 0.114042 0.19504
1 0.116358 0.21313
1 0.118868 0.231934
1 0.121454 0.25049
1 0.124128 0.268867
1 0.126973 0.28757
1 0.130285 0.30832
0.999945 0.133642 0.328331
0.999765 0.137486 0.350127
0.999211 0.141384 0.371248
0.997688 0.145529 0.393032
0.994933 0.150001 0.415824
0.989879 0.154226 0.437523
0.982375 0.158383 0.459112
0.972725 0.162796 0.481673
0.960306 0.166804 0.502978
0.94689 0.171069 0.524588
0.930387 0.175104 0.545857
0.911115 0.178979 0.566939
0.890472 0.182781 0.587472
0.866894 0.186322 0.607735
0.84117 0.18986 0.628092
0.813396 0.192649 0.6468
0.783547 0.195301 0.665484
0.751301 0.198158 0.684997
0.717727 0.200335 0.703152
0.680858 0.201401 0.720265
0.641995 0.201937 0.737108
0.599989 0.201233 0.753233
0.558911 0.200075 0.768462
0.517182 0.198247 0.783278
0.474165 0.195061 0.797257
0.431993 0.191728 0.811299
0.389987 0.18699 0.824308
0.350335 0.182344 0.837225
0.310697 0.175749 0.849017
0.27427 0.168934 0.860195
0.239852 0.161807 0.87126
0.207163 0.152691 0.880886
0.176857 0.142599 0.889817
0.148267 0.131949 0.898934
0.122459 0.120629 0.907501
0.0985906 0.107806 0.915457
0.0771169 0.0939514 0.922941
0.0593399 0.0807202 0.929978
0.0443318 0.0670239 0.936059
0.0320928 0.0543736 0.942169
0.0220552 0.0415807 0.947326
0.0145235 0.0304836 0.952139
0.00881929 0.0208497 0.957085
0.00520574 0.0136981 0.961162
0.00269978 0.00791814 0.964951
0.00139835 0.00455324 0.968323
0.000623027 0.00225034 0.971378
0.000304591 0.00122032 0.974169
0.000166141 0.00075562 0.977235
4.15351e-05 0.000209849 0.979496
1.3845e-05 7.85669e-05 0.981742
0 0 0.983774
0 0 0.985577
0 0 0.987293
0 0 0.988676
0 0 0.989878
0 0 0.991189
0 0 0.992199
0 0 0.993204
0 0 0.994088
0 0 0.994737
0 0 0.995389
0 0 0.996082
0 0 0.996745
0 0 0.997246
0 0 0.997778
0 0 0.998248
0 0 0.998542
0 0 0.998827
0 0 0.999065
0 0 0.999316
0 0 0.999486
0 0 0.999663
0 0 0.999773
0 0 0.999915
1 0.00990588 -0.0355226
1 0.0102542 0
1 0.0103057 0.00505682
1 0.0103643 0.0107405
1 0.0104214 0.0162191
1 0.0104918 0.0228841
1 0.0105633 0.029572
1 0.0106504 0.0375941
1 0.0107428 0.045959
1 0.0108553 0.0559478
1 0.010974 0.0662724
1 0.0111109 0.0779038
1 0.0112581 0.0900975
1 0.0114239 0.103458
1 0.0116022 0.117394
1 0.0117842 0.131183
1 0.0119879 0.14612
1 0.0122119 0.161978
1 0.0124556 0.178573
1 0.0127071 0.19504
1 0.0129955 0.21313
1 0.0133094 0.231934
1 0.0136344 0.25049
1 0.0139723 0.268867
1 0.0143339 0.28757
1 0.0147575 0.30832
1 0.0151905 0.328331
0.999585 0.0156856 0.350127
0.999169 0.0161973 0.371248
0.997646 0.0167438 0.393032
0.995292 0.0173454 0.415824
0.990169 0.0179115 0.437523
0.981584 0.0184547 0.459112
0.972584 0.0190694 0.481673
0.960537 0.0196293 0.502978
0.947798 0.0202369 0.524588
0.931321 0.0208043 0.545857
0.912767 0.0213701 0.566939
0.895043 0.0219843 0.587472
0.869842 0.0224581 0.607735
0.845334 0.023007 0.628092
0.817364 0.0234143 0.6468
0.784686 0.0237261 0.665484
0.753808 0.0241928 0.684997
0.722515 0.0245965 0.703152
0.685129 0.0247468 0.720265
0.649682 0.0249644 0.737108
0.610773 0.0250018 0.753233
0.572002 0.0249561 0.768462
0.526447 0.024549 0.783278
0.482553 0.0240655 0.797257
0.444475 0.0238221 0.811299
0.400997 0.0231002 0.824308
0.357934 0.0222745 0.837225
0.31861 0.0213951 0.849017
0.278593 0.0202278 0.860195
0.243561 0.0192238 0.87126
0.204652 0.0174891 0.880886
0.173913 0.0160898 0.889817
0.143174 0.0144646 0.898934
0.118111 0.0130564 0.907501
0.0977569 0.0118379 0.915457
0.079064 0.0105182 0.922941
0.060648 0.00889358 0.929978
0.0470784 0.00757036 0.936059
0.0314317 0.00559941 0.942169
0.0211853 0.0041496 0.947326
0.0138466 0.00298838 0.952139
0.00747715 0.00180186 0.957085
0.00304625 0.000811958 0.961162
0.00166159 0.000490918 0.964951
0.00138466 0.000452673 0.968323
0.000692329 0.000250539 0.971378
0.000276932 0.000111062 0.974169
0.000276932 0.000126016 0.977235
0 0 0.979496
0 0 0.981742
0 0 0.983774
0 0 0.985577
0 0 0.987293
0 0 0.988676
0 0 0.989878
0 0 0.991189
0 0 0.992199
0 0 0.993204
0 0 0.994088
0 0 0.994737
0 0 0.995389
0 0 0.996082
0 0 0.996745
0 0 0.997246
0 0 0.997778
0 0 0.998248
0 0 0.998542
0 0 0.998827
0 0 0.999065
0 0 0.999316
0 0 0.999486
0 0 0.999663
0 0 0.999773
0 0 0.999915
1 0.000999222 -0.0355226
1 0.00103468 0
1 0.00103993 0.00505682
1 0.0010459 0.0107405
1 0.00105172 0.0162191
1 0.00105889 0.0228841
1 0.00106618 0.029572
1 0.00107505 0.0375941
1 0.00108447 0.045959
1 0.00109593 0.0559478
1 0.00110804 0.0662724
1 0.001122 0.0779038
1 0.00113702 0.0900975
1 0.00115394 0.103458
1 0.00117214 0.117394
1 0.00119072 0.131183
1 0.00121153 0.14612
1 0.00123442 0.161978
1 0.00125933 0.178573
1 0.00128506 0.19504
1 0.00131456 0.21313
1 0.0013467 0.231934
1 0.00138 0.25049
1 0.00141464 0.268867
1 0.00145172 0.28757
1 0.0014952 0.30832
1 0.00153968 0.328331
1 0.00159124 0.350127
0.998615 0.00164233 0.371248
0.998615 0.00170117 0.393032
0.998615 0.00176743 0.415824
0.993075 0.00182532 0.437523
0.99169 0.0018954 0.459112
0.98338 0.0019612 0.481673
0.975069 0.00202784 0.502978
0.962604 0.00209278 0.524588
0.944598 0.00214969 0.545857
0.926593 0.00221123 0.566939
0.901662 0.00225873 0.587472
0.875346 0.00230597 0.607735
0.850416 0.00236278 0.628092
0.811634 0.00237445 0.6468
0.775623 0.00239578 0.665484
0.750693 0.00246225 0.684997
0.716066 0.00249225 0.703152
0.677285 0.00250146 0.720265
0.642659 0.00252558 0.737108
0.591413 0.00247618 0.753233
0.541551 0.0024167 0.768462
0.50277 0.00239707 0.783278
0.457064 0.00232955 0.797257
0.400277 0.00219225 0.811299
0.358726 0.00211032 0.824308
0.32133 0.00204048 0.837225
0.290859 0.00199133 0.849017
0.247922 0.00183338 0.860195
0.211911 0.00170199 0.87126
0.18144 0.00157522 0.880886
0.15374 0.00144311 0.889817
0.131579 0.00134664 0.898934
0.098338 0.00109992 0.907501
0.0817175 0.00100014 0.915457
0.0581717 0.000781279 0.922941
0.0443213 0.00065516 0.929978
0.033241 0.000538165 0.936059
0.0235457 0.000421522 0.942169
0.0180055 0.000353924 0.947326
0.0138504 0.000299643 0.952139
0.00692521 0.000167112 0.957085
0.00415512 0.000110799 0.961162
0.00415512 0.000122775 0.964951
0.00277008 9.05674e-05 0.968323
0.00277008 0.000100231 0.971378
0.00138504 5.5534e-05 0.974169
0 0 0.977235
0 0 0.979496
0 0 0.981742
0 0 0.983774
0 0 0.985577
0 0 0.987293
0 0 0.988676
0 0 0.989878
0 0 0.991189
0 0 0.992199
0 0 0.993204
0 0 0.994088
0 0 0.994737
0 0 0.995389
0 0 0.996082
0 0 0.996745
0 0 0.997246
0 0 0.997778
0 0 0.998248
0 0 0.998542
0 0 0.998827
0 0 0.999065
0 0 0.999316
0 0 0.999486
0 0 0.999663
0 0 0.999773
0 0 0.999915
1 9.69735e-06 -0.0355226
1 1.00418e-05 0
1 1.00929e-05 0.00505682
1 1.01508e-05 0.0107405
1 1.02074e-05 0.0162191
1 1.0277e-05 0.0228841
1 1.03478e-05 0.029572
1 1.04341e-05 0.0375941
1 1.05256e-05 0.045959
1 1.06369e-05 0.0559478
1 1.07545e-05 0.0662724
1 1.08902e-05 0.0779038
1 1.10361e-05 0.0900975
1 1.12006e-05 0.103458
1 1.13775e-05 0.117394
1 1.1558e-05 0.131183
1 1.17602e-05 0.14612
1 1.19827e-05 0.161978
1 1.22248e-05 0.178573
1 1.24749e-05 0.19504
1 1.27617e-05 0.21313
1 1.30741e-05 0.231934
1 1.33978e-05 0.25049
1 1.37345e-05 0.268867
1 1.40951e-05 0.28757
1 1.45179e-05 0.30832
1 1.49505e-05 0.328331
1 1.54519e-05 0.350127
1 1.59709e-05 0.371248
1 1.65441e-05 0.393032
1 1.71896e-05 0.415824
1 1.78527e-05 0.437523
1 1.85653e-05 0.459112
1 1.93734e-05 0.481673
1 2.02038e-05 0.502978
1 2.11221e-05 0.524588
1 2.21113e-05 0.545857
0.857143 1.98752e-05 0.566939
0.857143 2.08645e-05 0.587472
0.857143 2.19423e-05 0.607735
0.714286 1.92861e-05 0.628092
0.714286 2.03076e-05 0.6468
0.714286 2.14418e-05 0.665484
0.714286 2.277e-05 0.684997
0.714286 2.41626e-05 0.703152
0.714286 2.56408e-05 0.720265
0.714286 2.72835e-05 0.737108
0.571429 2.32531e-05 0.753233
0.571429 2.47825e-05 0.768462
0.571429 2.64767e-05 0.783278
0.571429 2.83022e-05 0.797257
0.571429 3.04083e-05 0.811299
0.571429 3.26597e-05 0.824308
0.571429 3.52513e-05 0.837225
0.571429 3.80044e-05 0.849017
0.571429 4.10429e-05 0.860195
0.428571 3.3428e-05 0.87126
0.428571 3.61293e-05 0.880886
0.285714 2.6039e-05 0.889817
0.285714 2.83877e-05 0.898934
0.285714 3.10169e-05 0.907501
0.285714 3.39357e-05 0.915457
0.285714 3.72315e-05 0.922941
0.285714 4.09727e-05 0.929978
0.285714 4.48692e-05 0.936059
0.142857 2.48053e-05 0.942169
0.142857 2.72339e-05 0.947326
0 0 0.952139
0 0 0.957085
0 0 0.961162
0 0 0.964951
0 0 0.968323
0 0 0.971378
0 0 0.974169
0 0 0.977235
0 0 0.979496
0 0 0.981742
0 0 0.983774
0 0 0.985577
0 0 0.987293
0 0 0.988676
0 0 0.989878
0 0 0.991189
0 0 0.992199
0 0 0.993204
0 0 0.994088
0 0 0.994737
0 0 0.995389
0 0 0.996082
0 0 0.996745
0 0 0.997246
0 0 0.997778
0 0 0.998248
0 0 0.998542
0 0 0.998827
0 0 0.999065
0 0 0.999316
0 0 0.999486
0 0 0.999663
0 0 0.999773
0 0 0.999915
