1 0.0909091 0
1 0.0909091 0
1 0.0950372 0.04778
1 0.0994718 0.09469
1 0.104468 0.14277
1 0.10979 0.18917
1 0.115642 0.23526
1 0.121996 0.2803
1 0.129281 0.32649
1 0.136936 0.36973
1 0.145129 0.41096
1 0.154285 0.45185
1 0.164417 0.49179
1 0.175346 0.5297
1 0.187262 0.56599
1 0.200509 0.60127
1 0.214689 0.63421
1 0.229869 0.66497
1 0.24678 0.69478
1 0.265055 0.72272
1 0.283503 0.74727
1 0.303499 0.77051
1 0.325256 0.79255
1 0.348772 0.81328
1 0.374602 0.83305
1 0.401268 0.85079
1 0.429092 0.86695
1 0.45819 0.88175
1 0.488138 0.89514
1 0.519454 0.90749
1 0.550146 0.91823
0.9999 0.581642 0.92808
0.9997 0.613727 0.93708
0.9986 0.644383 0.94489
0.9974 0.674877 0.95195
0.9936 0.702538 0.95793
0.9891 0.72964 0.96335
0.9829 0.75841 0.96869
0.9758 0.783209 0.97299
0.9669 0.808986 0.97717
0.9552 0.828807 0.98027
0.9434 0.850983 0.98348
0.9284 0.869451 0.98606
0.9139 0.88754 0.98842
0.8976 0.901476 0.99019
0.8764 0.913678 0.99172
0.8566 0.923956 0.99295
0.8335 0.934103 0.99412
0.8118 0.942748 0.99507
0.7839 0.948802 0.99577
0.7567 0.955429 0.99647
0.7277 0.961549 0.99709
0.6955 0.967316 0.99765
0.661 0.971202 0.99804
0.6291 0.975954 0.99845
0.5952 0.979431 0.99875
0.5585 0.982237 0.99899
0.5189 0.982765 0.99909
0.4815 0.98426 0.99923
0.4426 0.985527 0.99935
0.4062 0.988562 0.99953
0.3697 0.989826 0.99962
0.3356 0.991726 0.99972
0.3043 0.992175 0.99976
0.2746 0.993847 0.99983
0.2466 0.994355 0.99986
0.2191 0.995457 0.9999
0.1901 0.995288 0.99991
0.1634 0.996949 0.99995
0.138 0.99639 0.99995
0.117 0.997442 0.99997
0.0987 0.998988 0.99999
0.0822 1 1
0.0643 1 1
0.0513 1 1
0.0389 1 1
0.0284 1 1
0.0193 1 1
0.0145 1 1
0.0112 1 1
0.0062 1 1
0.004 1 1
0.0028 1 1
0.0015 1 1
0.0009 1 1
0.0007 1 1
0.0002 1 1
0 0 1
0 0 1
0 0 1
0 0 1
0 0 1
0 0 1
0 0 1
0 0 1
0 0 1
0 0 1
0 0 1
0 0 1
0 0 1
1 0.0909091 0
1 0.0909091 0
1 0.0950372 0.04778
1 0.0994718 0.09469
1 0.104468 0.14277
1 0.10979 0.18917
1 0.115642 0.23526
1 0.121996 0.2803
1 0.129281 0.32649
1 0.136936 0.36973
1 0.145129 0.41096
1 0.154285 0.45185
1 0.164417 0.49179
1 0.175346 0.5297
1 0.187262 0.56599
1 0.200509 0.60127
1 0.214689 0.63421
1 0.229869 0.66497
1 0.24678 0.69478
1 0.265055 0.72272
1 0.283503 0.74727
1 0.303499 0.77051
1 0.325256 0.79255
1 0.348772 0.81328
1 0.374602 0.83305
1 0.401268 0.85079
0.9999 0.429068 0.86695
0.9997 0.458116 0.88175
0.9993 0.487963 0.89514
0.9987 0.519129 0.90749
0.9986 0.549799 0.91823
0.9977 0.581105 0.92808
0.9969 0.613062 0.93708
0.9945 0.643439 0.94489
0.9915 0.673573 0.95195
0.9867 0.70108 0.95793
0.9802 0.727853 0.96335
0.9729 0.756532 0.96869
0.9652 0.781349 0.97299
0.9544 0.806967 0.97717
0.9396 0.826458 0.98027
0.9275 0.848815 0.98348
0.9134 0.867591 0.98606
0.899 0.885889 0.98842
0.8799 0.899693 0.99019
0.8598 0.912158 0.99172
0.8343 0.922082 0.99295
0.8089 0.932235 0.99412
0.7848 0.940894 0.99507
0.76 0.947277 0.99577
0.7302 0.953886 0.99647
0.7009 0.960137 0.99709
0.6676 0.965996 0.99765
0.6339 0.970008 0.99804
0.6028 0.974931 0.99845
0.5693 0.978515 0.99875
0.5364 0.981519 0.99899
0.5033 0.98224 0.99909
0.4696 0.983868 0.99923
0.4343 0.985254 0.99935
0.4021 0.988446 0.99953
0.3701 0.989837 0.99962
0.3373 0.991767 0.99972
0.3064 0.992228 0.99976
0.2759 0.993876 0.99983
0.2534 0.994505 0.99986
0.228 0.995633 0.9999
0.2056 0.995642 0.99991
0.1819 0.997259 0.99995
0.1603 0.996891 0.99995
0.139 0.997846 0.99997
0.1194 0.999163 0.99999
0.1034 1 1
0.0877 1 1
0.073 1 1
0.0615 1 1
0.0522 1 1
0.0434 1 1
0.0365 1 1
0.0296 1 1
0.0241 1 1
0.0193 1 1
0.0157 1 1
0.0122 1 1
0.0096 1 1
0.0069 1 1
0.0052 1 1
0.0038 1 1
0.0032 1 1
0.0025 1 1
0.0022 1 1
0.0019 1 1
0.0013 1 1
0.001 1 1
0.0009 1 1
0.0005 1 1
0.0002 1 1
0.0002 1 1
0.0001 1 1
0.0001 1 1
1 0.0891536 0
1 0.0891536 0
0.999898 0.0932015 0.04778
0.999694 0.0975418 0.09469
0.999591 0.102443 0.14277
0.999591 0.107674 0.18917
0.999285 0.113396 0.23526
0.999081 0.119622 0.2803
0.998672 0.126741 0.32649
0.998263 0.134221 0.36973
0.997344 0.142166 0.41096
0.996731 0.151089 0.45185
0.995709 0.160913 0.49179
0.994585 0.171497 0.5297
0.993155 0.182994 0.56599
0.992542 0.195914 0.60127
0.991725 0.209718 0.63421
0.989273 0.224216 0.66497
0.987229 0.240463 0.69478
0.984164 0.257836 0.72272
0.980997 0.275326 0.74727
0.978545 0.294463 0.77051
0.975378 0.315166 0.79255
0.971291 0.337379 0.81328
0.967103 0.361836 0.83305
0.963118 0.387178 0.85079
0.957499 0.413282 0.86695
0.951369 0.440554 0.88175
0.945137 0.468714 0.89514
0.937985 0.498101 0.90749
0.929608 0.526684 0.91823
0.92123 0.556296 0.92808
0.91132 0.586379 0.93708
0.902432 0.615798 0.94489
0.890172 0.644548 0.95195
0.879342 0.671687 0.95793
0.86606 0.698155 0.96335
0.85094 0.726789 0.96869
0.838578 0.752406 0.97299
0.824683 0.779527 0.97717
0.808541 0.800445 0.98027
0.792603 0.824442 0.98348
0.775848 0.844904 0.98606
0.758378 0.865051 0.98842
0.740703 0.880816 0.99019
0.720065 0.89487 0.99172
0.700347 0.906746 0.99295
0.679914 0.918818 0.99412
0.657233 0.928819 0.99507
0.637413 0.936506 0.99577
0.618512 0.944904 0.99647
0.597466 0.952598 0.99709
0.579076 0.96019 0.99765
0.557928 0.965353 0.99804
0.536371 0.971323 0.99845
0.517266 0.975906 0.99875
0.494279 0.979551 0.99899
0.474867 0.980798 0.99909
0.45423 0.982976 0.99923
0.433694 0.984919 0.99935
0.413976 0.988534 0.99953
0.397119 0.990318 0.99962
0.377197 0.992473 0.99972
0.36085 0.993251 0.99976
0.342358 0.994952 0.99983
0.325194 0.995621 0.99986
0.308132 0.996695 0.9999
0.29199 0.996861 0.99991
0.274928 0.998145 0.99995
0.258582 0.998028 0.99995
0.242338 0.998737 0.99997
0.227115 0.99955 0.99999
0.211586 1 1
0.198304 1 1
0.185125 1 1
0.171434 1 1
0.160503 1 1
0.147017 1 1
0.135881 1 1
0.125971 1 1
0.116367 1 1
0.106048 1 1
0.0965468 1 1
0.0873519 1 1
0.0784634 1 1
0.0705966 1 1
0.0626277 1 1
0.0564978 1 1
0.0501635 1 1
0.0433183 1 1
0.0381079 1 1
0.0335104 1 1
0.0290151 1 1
0.0253371 1 1
0.0216592 1 1
0.0175725 1 1
0.0138946 1 1
0.0105231 1 1
0.00664078 1 1
0.00439313 1 1
